0	1
0	16
0	26
0	29
0	30
0	34
0	36
0	39
0	41
0	42
0	44
0	50
0	55
0	58
0	73
0	80
0	98
0	99
0	102
0	103
0	105
0	110
0	111
0	112
0	128
0	136
0	138
0	140
0	141
0	145
0	151
0	159
0	162
0	166
0	170
0	175
0	184
0	191
0	203
0	207
0	209
0	210
0	215
0	217
0	238
0	240
0	243
0	247
0	250
0	256
0	257
0	262
0	267
0	279
0	280
0	288
0	294
0	299
0	301
0	315
0	317
0	336
0	338
0	341
0	342
0	343
0	358
0	363
0	373
0	378
0	384
0	395
0	399
0	400
0	410
0	411
0	419
0	420
0	427
0	428
0	431
0	432
0	434
0	437
0	446
0	449
0	463
0	468
0	480
0	493
0	496
0	499
0	500
0	506
0	510
0	514
0	515
0	526
0	529
0	541
0	546
0	549
0	553
0	555
0	562
0	577
0	581
0	583
0	587
0	600
0	602
0	604
0	612
0	623
0	627
0	629
0	630
0	642
0	647
0	649
0	658
0	662
0	665
0	677
0	683
0	701
0	704
0	708
0	709
0	710
0	721
0	729
0	742
0	749
0	750
0	751
0	757
0	763
0	769
0	777
0	779
0	791
0	795
0	808
0	817
0	820
0	822
0	826
0	829
0	835
0	839
0	854
0	860
0	861
0	869
0	876
0	884
0	889
0	891
0	904
0	908
0	913
0	918
0	925
0	941
0	947
0	962
0	966
0	973
0	976
0	978
0	988
0	998
0	1010
0	1029
0	1032
0	1034
0	1038
0	1039
0	1043
0	1046
0	1049
0	1051
0	1068
0	1072
0	1078
0	1084
0	1099
0	1105
0	1112
0	1118
0	1131
0	1148
0	1155
0	1159
0	1169
0	1170
0	1173
0	1175
0	1177
0	1178
0	1179
0	1180
0	1187
0	1192
0	1204
0	1209
0	1224
0	1233
0	1240
0	1241
0	1246
0	1255
0	1267
0	1277
0	1288
0	1303
0	1305
0	1320
0	1322
0	1338
0	1341
0	1355
0	1360
0	1363
0	1376
0	1384
0	1385
0	1399
0	1401
0	1405
0	1412
0	1423
0	1426
0	1432
0	1433
0	1435
0	1438
0	1441
0	1448
0	1456
0	1458
0	1459
0	1462
0	1468
0	1469
0	1472
0	1475
0	1478
0	1502
0	1503
0	1519
0	1538
0	1541
0	1547
0	1557
0	1561
0	1566
0	1575
0	1580
0	1588
0	1592
0	1595
0	1603
0	1604
0	1613
0	1630
0	1636
0	1648
0	1654
0	1658
0	1660
0	1669
0	1672
0	1691
0	1695
0	1711
0	1716
0	1746
0	1750
0	1763
0	1765
0	1767
0	1772
0	1773
0	1778
0	1791
0	1792
0	1813
0	1824
0	1830
0	1833
0	1836
0	1849
0	1857
0	1866
0	1868
0	1874
0	1876
0	1891
0	1893
0	1894
0	1897
0	1901
0	1909
0	1915
0	1920
0	1927
0	1929
0	1939
0	1955
0	1959
0	1963
0	1964
0	1965
0	1970
0	1973
0	1991
540	2007
2007	2015
2004	2023
2014	2025
2023	2036
2024	2037
2007	2061
2015	2062
2023	2063
2036	2064
2037	2065
2020	2067
595	2075
2067	2090
2089	2121
2090	2122
595	2139
2102	2141
794	2146
2067	2160
2122	2162
1808	2179
1906	2180
2075	2192
2139	2193
2067	2219
2090	2220
2122	2221
2160	2222
2114	2229
667	2251
145	2261
729	2262
1183	2263
2213	2312
1776	2318
2180	2321
2075	2324
2139	2325
2141	2326
2192	2327
2193	2328
2229	2335
280	2356
2244	2364
2257	2372
145	2375
729	2376
2261	2377
2262	2378
2263	2379
1835	2380
2243	2445
2304	2458
1468	2464
2213	2465
2311	2466
2312	2467
2319	2480
2179	2507
2180	2508
2229	2513
25	2523
280	2524
320	2525
1874	2549
710	2555
1246	2556
1288	2557
1384	2558
1763	2559
667	2603
2430	2605
747	2615
1454	2616
2280	2620
1547	2635
2304	2639
2458	2641
1225	2651
1468	2659
2464	2660
2465	2661
2466	2662
2467	2663
1835	2672
2380	2673
2179	2688
2180	2689
2321	2690
2507	2691
2508	2692
2229	2704
2335	2705
2514	2707
2472	2714
2479	2717
2480	2718
280	2723
2356	2724
2523	2725
2524	2726
2525	2727
455	2739
602	2740
704	2741
908	2742
1772	2758
642	2775
751	2776
646	2794
384	2798
1957	2799
2603	2817
2604	2818
2605	2819
2616	2830
780	2832
2620	2835
976	2846
1547	2847
2635	2849
990	2850
1071	2862
1835	2903
2380	2904
2672	2905
1839	2907
1874	2908
1942	2909
2146	2915
2229	2923
2335	2924
2513	2925
2704	2926
2705	2927
2318	2946
2445	2960
404	2968
101	2984
109	2988
315	2989
918	2990
1676	3006
330	3036
2792	3043
384	3048
2798	3049
408	3058
1047	3059
602	3068
908	3069
2739	3070
2740	3071
2742	3072
751	3081
2776	3083
749	3100
1772	3101
2758	3103
976	3114
1547	3115
2846	3116
2847	3117
2850	3118
1546	3127
1071	3129
2862	3130
1267	3131
1402	3159
2616	3166
2380	3182
2672	3183
2673	3184
2903	3185
2904	3186
2905	3187
1874	3188
2549	3189
2907	3190
2908	3191
2909	3192
2146	3199
2641	3201
2915	3202
2251	3214
2603	3215
2818	3216
2819	3217
2318	3228
2480	3229
2717	3230
2718	3231
2946	3232
2960	3258
2669	3279
2973	3293
666	3297
234	3305
2748	3309
2984	3310
315	3311
918	3312
2988	3313
2989	3314
2990	3315
1555	3328
152	3330
3002	3332
3003	3333
558	3363
384	3379
2798	3380
2799	3381
3048	3382
3049	3383
642	3411
751	3412
2775	3413
2776	3414
2995	3418
1078	3421
1418	3422
1438	3423
815	3430
2741	3432
1046	3441
3056	3442
749	3443
1772	3444
3100	3445
3101	3446
998	3456
1546	3461
3126	3462
3127	3463
2862	3466
3129	3467
3130	3468
1668	3482
3131	3487
1400	3489
3160	3503
3161	3504
1676	3516
2146	3530
2458	3531
2639	3532
2641	3533
2915	3534
3199	3535
3202	3536
3234	3543
2364	3557
2628	3558
2841	3559
3210	3560
2960	3576
3263	3580
2615	3596
2828	3598
3105	3604
2850	3620
2900	3631
1	3638
496	3639
955	3643
1886	3644
50	3648
73	3649
884	3650
1084	3651
1433	3652
247	3667
331	3668
479	3669
891	3670
2748	3676
2984	3677
3310	3678
3330	3683
3333	3684
1255	3696
1326	3697
716	3712
1436	3713
336	3727
1584	3728
1673	3729
3365	3730
1311	3734
569	3748
1155	3760
3364	3773
779	3778
1695	3779
703	3788
704	3789
2741	3790
742	3798
1046	3799
3442	3801
3304	3814
998	3821
1922	3824
3059	3828
1078	3831
1438	3832
3421	3833
3422	3834
3423	3835
2651	3841
1267	3845
3131	3846
3461	3876
3462	3877
3463	3878
3006	3883
3516	3884
2364	3909
3557	3910
3558	3911
3559	3912
3560	3913
2445	3923
3258	3925
3586	3935
3589	3938
2615	3945
2616	3946
3166	3947
3596	3948
2620	3949
3602	3951
3223	3960
3540	3961
2850	3972
3118	3973
3620	3974
2862	3976
3129	3977
3130	3978
3466	3979
3467	3980
3468	3981
3159	3988
3501	3989
3504	3990
3631	3994
2951	4003
2968	4005
3562	4026
1	4034
496	4035
826	4036
3638	4037
3639	4038
1428	4063
234	4075
1672	4083
3713	4084
3717	4091
336	4098
3727	4099
3728	4100
3729	4101
3730	4102
346	4103
1311	4104
3736	4106
350	4107
1255	4109
3696	4110
3697	4111
1984	4127
1687	4133
522	4137
1607	4140
506	4148
1155	4149
558	4152
3771	4154
779	4156
3779	4158
679	4168
1780	4172
3430	4175
3788	4176
704	4177
2741	4178
3432	4179
3789	4180
3790	4181
3796	4184
742	4186
1046	4187
3441	4188
3442	4189
3798	4190
3799	4191
998	4216
3456	4217
3822	4219
1267	4235
3131	4236
3487	4237
3845	4238
3846	4239
1855	4272
3775	4275
3036	4279
3824	4281
2372	4286
3247	4289
2401	4290
2445	4294
2960	4295
3258	4296
3576	4297
3923	4298
3581	4299
3928	4300
2620	4309
2835	4310
2651	4312
3147	4313
3482	4314
3959	4319
3960	4320
3961	4321
2984	4324
3309	4325
3310	4326
3676	4327
3677	4328
3678	4329
2794	4334
2850	4338
3118	4339
3620	4340
3972	4341
3973	4342
3974	4343
3629	4355
3543	4359
4003	4360
2968	4364
3330	4370
3332	4371
3333	4372
3683	4373
3684	4374
3516	4378
3884	4380
3938	4392
3127	4407
3461	4408
3462	4409
3463	4410
3876	4411
3877	4412
3878	4413
3159	4417
3504	4418
3988	4419
3989	4420
3990	4421
3927	4441
3586	4478
3935	4479
3590	4480
1799	4505
970	4507
837	4517
112	4519
500	4520
600	4521
1049	4522
1412	4523
1519	4524
1965	4525
234	4535
3305	4536
4075	4537
3734	4550
4103	4551
376	4554
407	4562
419	4565
3748	4566
4126	4567
4127	4568
506	4573
1155	4574
3760	4575
4148	4576
4149	4577
4085	4578
558	4581
3363	4582
779	4585
1695	4586
3778	4587
3779	4588
612	4589
1435	4590
1446	4591
3426	4599
4172	4601
3788	4603
4176	4604
3643	4609
3644	4610
4192	4611
4199	4616
4200	4617
998	4628
3456	4629
3821	4630
4216	4631
4217	4632
1879	4639
4234	4645
1392	4651
1998	4665
1672	4670
3712	4671
3713	4672
4083	4673
4084	4674
1791	4680
3775	4681
4274	4682
4275	4683
1804	4685
4146	4687
1817	4689
4064	4690
1855	4691
3036	4694
3824	4695
4286	4705
2401	4706
2620	4711
2835	4712
3604	4713
3949	4714
3951	4715
4309	4716
4310	4717
2651	4718
3482	4719
3841	4720
4312	4721
4313	4722
4314	4723
2714	4727
3961	4728
4320	4729
4321	4730
4334	4733
3629	4740
2968	4749
4005	4750
3006	4755
3516	4756
3883	4757
3884	4758
3043	4763
3589	4764
3938	4765
4390	4766
3058	4769
3059	4770
3828	4771
4445	4797
3295	4800
4456	4807
3418	4827
4368	4828
4369	4829
4465	4839
3543	4857
4003	4858
4359	4859
4360	4860
4299	4869
4478	4874
4479	4875
3939	4876
4481	4878
4484	4882
4166	4892
3757	4897
3796	4900
4184	4902
3872	4908
3967	4913
4375	4918
4489	4923
1847	4926
33	4935
4507	4950
4057	4956
978	4958
4515	4959
4518	4960
1799	4962
1997	4969
171	4970
1025	4973
4529	4982
334	4983
228	4991
1877	4995
3305	4996
4075	4997
4535	4998
4536	4999
4537	5000
243	5001
833	5005
362	5016
1793	5019
376	5020
4558	5025
4560	5029
419	5035
3748	5036
4565	5037
4566	5038
4567	5039
4568	5040
4133	5044
524	5049
3363	5051
3773	5052
4152	5053
4154	5054
4581	5055
4582	5056
1656	5059
599	5061
612	5062
1435	5063
4589	5064
4590	5065
4591	5066
648	5069
4607	5074
756	5075
3643	5076
3644	5077
4608	5078
4610	5080
4611	5081
861	5090
1745	5092
1178	5106
1451	5107
1648	5108
4646	5110
4657	5119
4134	5133
1791	5136
4680	5137
4681	5138
4682	5139
4683	5140
4688	5144
4689	5147
4690	5148
4272	5150
3036	5157
3824	5158
4279	5159
4281	5160
4695	5161
4526	5162
2372	5165
4286	5166
4705	5167
4292	5169
4706	5170
4334	5173
2968	5180
4005	5181
4364	5182
4749	5183
4750	5184
3293	5185
4760	5190
4762	5192
3043	5193
3938	5194
4763	5195
4764	5196
4765	5197
4766	5198
3058	5201
3059	5202
3828	5203
4769	5204
4770	5205
4771	5206
3122	5207
4777	5209
4784	5214
3269	5218
3609	5221
4449	5226
3295	5227
4801	5230
3328	5233
4455	5234
4457	5236
3339	5237
4828	5245
4171	5247
4172	5248
4598	5249
4599	5250
3430	5251
3788	5252
4175	5253
4176	5254
4604	5255
4214	5259
3479	5262
4774	5264
4414	5266
4350	5268
4734	5271
3506	5273
3543	5281
4003	5282
4359	5283
4360	5284
4857	5285
4858	5286
4859	5287
4860	5288
4865	5291
3580	5292
4299	5294
4300	5295
4868	5296
4886	5301
4891	5309
4103	5318
4104	5319
4106	5320
4551	5321
4143	5323
4897	5324
4837	5330
4908	5334
4463	5342
3935	5347
4478	5348
4875	5350
4480	5352
4913	5361
4362	5362
4199	5382
4264	5389
4669	5390
4738	5397
4345	5398
4934	5405
4935	5407
4052	5409
4948	5412
758	5416
110	5417
1799	5418
4963	5419
128	5420
1173	5421
1148	5424
1332	5427
1564	5429
413	5430
1642	5431
225	5436
1840	5437
228	5438
5002	5442
5007	5447
4926	5450
805	5451
610	5453
5014	5456
4983	5457
1513	5459
4969	5461
362	5463
493	5464
5016	5465
376	5467
4119	5468
4554	5469
388	5471
5024	5472
394	5474
5029	5477
5042	5483
4930	5486
4986	5489
1077	5492
901	5495
1291	5496
5067	5500
5057	5502
5069	5507
799	5511
820	5512
978	5513
4959	5514
4960	5515
4202	5517
5088	5519
861	5520
5090	5521
5094	5523
1947	5527
4990	5529
1054	5530
5098	5531
4623	5532
5100	5534
5101	5536
4994	5541
1178	5543
1648	5544
5106	5545
5107	5546
5108	5547
5089	5550
5110	5554
4544	5559
1605	5564
5128	5566
5072	5569
1765	5570
4134	5573
4690	5576
5147	5577
5148	5578
1879	5583
4639	5584
2372	5587
4286	5588
5165	5589
5166	5590
5167	5591
2794	5592
4334	5593
5173	5595
2832	5596
4783	5603
4444	5608
5226	5610
5227	5615
4807	5620
5233	5621
5237	5625
3418	5627
4827	5628
4828	5629
4829	5630
5245	5631
4387	5633
3479	5634
5262	5635
5263	5636
5264	5637
5265	5639
4848	5641
5291	5645
3580	5646
5292	5647
5293	5648
5298	5650
4355	5651
4740	5652
4742	5653
3631	5655
3994	5656
5299	5657
4891	5660
3717	5663
4644	5667
3757	5669
4897	5670
5324	5671
4594	5672
4606	5673
4184	5675
4900	5676
4902	5677
3804	5678
5329	5680
3852	5682
5112	5683
5337	5687
4832	5691
4441	5696
4789	5697
3935	5698
4478	5699
4479	5700
4874	5701
4875	5702
5347	5703
5348	5704
4480	5705
4876	5706
5353	5708
4845	5711
4853	5715
4433	5717
4063	5722
4072	5725
4073	5726
4540	5731
4637	5735
5375	5737
4147	5739
4688	5740
5381	5746
4617	5748
5383	5750
5384	5751
4207	5753
4837	5755
4734	5760
5272	5761
4254	5763
5389	5765
4272	5767
4691	5768
5151	5770
5393	5772
4292	5774
5170	5776
4299	5777
4300	5778
5294	5779
5295	5780
5296	5781
5362	5788
4849	5793
4841	5796
4488	5800
4526	5804
5130	5807
5097	5809
5332	5816
4854	5817
5	5825
4934	5828
5405	5830
1603	5833
1813	5834
58	5835
210	5836
4952	5839
110	5840
4505	5841
4962	5842
5417	5843
5418	5844
5419	5845
128	5846
5420	5848
1370	5851
683	5853
5422	5855
1118	5858
175	5860
4935	5862
4936	5863
5428	5864
5429	5865
191	5866
225	5868
5436	5870
228	5872
5438	5874
243	5875
5442	5877
526	5879
4538	5881
5005	5882
4969	5884
5462	5885
493	5886
5016	5887
5463	5888
5464	5889
5465	5890
363	5891
4554	5893
5020	5894
5467	5895
5468	5896
5469	5897
5024	5898
5025	5899
5471	5900
5472	5901
5477	5903
5478	5905
5430	5907
5480	5910
5042	5912
4136	5914
1607	5917
4137	5918
1025	5919
566	5921
4946	5922
5453	5925
5456	5926
5504	5927
5505	5929
5069	5930
661	5931
1887	5933
889	5934
1732	5936
4619	5939
861	5940
5090	5941
5092	5942
5520	5943
5521	5944
894	5945
1458	5946
5496	5948
1144	5949
5525	5950
5531	5952
5535	5953
5499	5956
5550	5958
5524	5960
1390	5961
5559	5964
5564	5965
5565	5967
1711	5969
5567	5970
5570	5973
5573	5974
5574	5975
1824	5976
5503	5977
5450	5978
5581	5979
4992	5981
5583	5984
2794	5987
4334	5988
4733	5989
5592	5990
5593	5991
2832	5992
5596	5994
3164	5995
3194	5997
5604	5999
5218	6000
4449	6002
5610	6004
3293	6005
3297	6007
5616	6009
3328	6010
4807	6011
5233	6012
5234	6013
5621	6014
3339	6015
5625	6017
4172	6018
4601	6019
5248	6020
5249	6021
5250	6022
5262	6023
5634	6024
5635	6025
5636	6026
5637	6027
3489	6028
3580	6030
5292	6031
5646	6032
5647	6033
5648	6034
3631	6035
3994	6036
5655	6037
5656	6038
5657	6039
5658	6040
3701	6041
5661	6042
4091	6043
4897	6045
5323	6046
5324	6047
5669	6048
5670	6049
5671	6050
5678	6051
5329	6053
5682	6054
5683	6055
5689	6057
4289	6060
5717	6062
4941	6063
5409	6064
5722	6066
5725	6069
5727	6071
5311	6073
5371	6075
4637	6077
5734	6078
4147	6080
4687	6081
5740	6083
4162	6084
4168	6085
4184	6087
4900	6088
4902	6089
5675	6090
5676	6091
5677	6092
5753	6094
5754	6096
5755	6097
4647	6098
5109	6099
5552	6101
5271	6103
5761	6104
5763	6105
5337	6106
4272	6108
4691	6109
5150	6110
5767	6111
5768	6112
4290	6113
4706	6114
5169	6115
5170	6116
5359	6119
5361	6120
5397	6122
5784	6123
5398	6124
4355	6126
4740	6127
5651	6128
5652	6129
5653	6130
5275	6131
5793	6133
5695	6135
5696	6136
5221	6139
5334	6143
5298	6144
4480	6145
4876	6146
4878	6147
5352	6148
5705	6149
5706	6150
5800	6151
4948	6154
5412	6155
4956	6156
5162	6158
5806	6161
5807	6162
4578	6163
5325	6165
5532	6169
5097	6171
5667	6172
4651	6173
5115	6174
4665	6176
5390	6178
4678	6179
4685	6181
5811	6182
4689	6183
4690	6184
5148	6185
5577	6186
5578	6187
4709	6188
5179	6189
5362	6190
5190	6192
5789	6194
5790	6195
4781	6196
4800	6199
5273	6204
5641	6205
5642	6206
5715	6207
4856	6209
5824	6211
4918	6212
5363	6213
5714	6214
4919	6215
4923	6217
5719	6219
4930	6220
4931	6222
5457	6224
5009	6225
5551	6227
5049	6228
5236	6233
5816	6236
5746	6238
5752	6239
5772	6240
5825	6241
42	6242
1636	6243
58	6244
210	6245
5835	6246
5836	6247
5416	6248
98	6249
791	6250
1376	6251
1472	6252
1478	6253
1891	6254
128	6255
1173	6256
5420	6257
5421	6258
5846	6259
750	6260
1833	6261
170	6262
279	6263
342	6264
437	6265
835	6266
1180	6267
1991	6268
1118	6269
4970	6270
175	6271
5427	6272
5860	6273
184	6274
4935	6275
5407	6276
5863	6277
191	6278
5866	6279
215	6280
217	6281
428	6282
777	6283
1363	6284
1588	6285
3669	6286
5436	6287
5437	6288
5868	6289
4991	6290
5438	6291
5872	6292
243	6293
5001	6294
5875	6295
247	6296
891	6297
1338	6298
3667	6299
3668	6300
3670	6301
256	6302
526	6303
665	6304
338	6305
4969	6306
5459	6307
5461	6308
1255	6309
4107	6310
4110	6311
363	6312
5019	6313
5891	6314
434	6315
1716	6316
431	6317
4137	6318
4140	6319
5918	6320
541	6321
5492	6322
5921	6323
5922	6324
5453	6325
5926	6326
5931	6327
683	6328
1148	6329
5853	6330
854	6331
1032	6332
1866	6333
709	6334
1603	6335
1813	6336
5834	6337
4611	6338
5075	6339
5078	6340
5081	6341
763	6342
1039	6343
1204	6344
1360	6345
1750	6346
1432	6347
1068	6348
1767	6349
889	6350
5934	6351
1458	6352
5945	6353
5946	6354
4973	6355
5919	6356
1131	6357
5949	6358
5950	6359
5523	6360
1303	6361
5961	6362
1711	6363
5969	6364
5970	6365
5569	6366
1765	6367
5570	6368
1824	6369
5059	6370
5502	6371
5976	6372
5977	6373
5430	6374
2832	6375
5596	6376
5992	6377
5209	6378
5995	6379
5214	6380
5997	6381
3279	6382
5226	6383
3293	6384
5185	6385
6005	6386
3297	6387
5230	6388
6007	6389
5237	6390
6015	6391
3489	6392
5266	6393
5639	6394
6028	6395
3643	6396
3644	6397
4609	6398
4610	6399
5076	6400
5077	6401
3697	6402
4111	6403
4892	6404
5309	6405
5660	6406
6041	6407
6042	6408
3814	6409
5680	6410
4289	6411
4026	6412
5717	6413
4063	6414
5722	6415
5725	6416
5726	6417
4091	6418
5663	6419
6043	6420
4133	6421
5483	6422
5914	6423
4687	6424
5144	6425
5739	6426
5740	6427
6080	6428
6081	6429
6084	6430
4168	6431
6085	6432
4616	6433
5382	6434
5753	6435
4441	6436
5697	6437
6136	6438
4507	6439
5412	6440
6155	6441
5162	6442
5804	6443
5005	6444
5881	6445
5882	6446
5731	6447
5029	6448
5474	6449
4562	6450
4578	6451
6163	6452
4617	6453
5748	6454
5751	6455
5517	6456
5939	6457
5532	6458
5534	6459
5809	6460
6077	6461
6078	6462
4639	6463
5583	6464
5584	6465
4645	6466
5667	6467
6172	6468
6098	6469
6099	6470
4651	6471
6173	6472
4665	6473
6176	6474
6179	6475
4685	6476
6181	6477
6182	6478
6106	6479
6188	6480
5271	6481
5760	6482
5761	6483
6104	6484
6196	6485
4797	6486
5221	6487
5608	6488
4800	6489
5227	6490
5615	6491
6199	6492
5342	6493
4839	6494
5796	6495
5273	6496
5641	6497
6205	6498
6206	6499
6209	6500
4882	6501
4908	6502
5334	6503
4913	6504
6120	6505
4918	6506
6212	6507
6213	6508
6214	6509
6215	6510
4923	6511
6217	6512
4926	6513
5978	6514
5486	6515
6220	6516
6222	6517
5409	6518
6063	6519
6064	6520
4956	6521
6156	6522
4982	6523
4983	6524
5457	6525
5489	6526
5529	6527
6225	6528
5471	6529
5472	6530
5898	6531
5899	6532
5900	6533
5901	6534
5049	6535
6228	6536
5061	6537
5069	6538
5507	6539
5930	6540
5074	6541
6174	6542
5119	6543
5133	6544
5974	6545
5975	6546
6189	6547
6192	6548
5192	6549
5207	6550
5218	6551
6000	6552
5236	6553
6233	6554
5247	6555
5259	6556
5268	6557
5711	6558
6131	6559
5291	6560
5650	6561
6144	6562
5673	6563
6165	6564
5330	6565
6097	6566
5816	6567
5362	6568
5788	6569
6190	6570
5389	6571
5390	6572
5765	6573
5397	6574
6122	6575
6123	6576
5398	6577
6124	6578
5864	6579
5865	6580
5431	6581
5447	6582
5451	6583
5885	6584
5495	6585
5496	6586
5500	6587
5927	6588
5511	6589
5519	6590
5530	6591
5531	6592
5953	6593
5564	6594
5965	6595
5979	6596
5633	6597
6040	6598
5672	6599
5678	6600
6051	6601
5682	6602
5683	6603
6054	6604
6055	6605
5715	6606
6207	6607
5737	6608
5746	6609
6238	6610
6239	6611
5763	6612
6105	6613
5772	6614
6240	6615
6195	6616
5800	6617
6151	6618
6161	6619
6162	6620
5817	6621
6211	6622
