0	1
0	26
0	29
0	36
0	39
0	41
0	44
0	50
0	55
0	73
0	80
0	98
0	110
0	112
0	128
0	138
0	145
0	151
0	159
0	166
0	184
0	243
0	247
0	250
0	262
0	267
0	280
0	294
0	315
0	317
0	336
0	338
0	358
0	378
0	384
0	395
0	419
0	432
0	468
0	493
0	496
0	499
0	500
0	506
0	514
0	549
0	577
0	600
0	602
0	612
0	630
0	642
0	649
0	677
0	701
0	704
0	710
0	729
0	742
0	749
0	751
0	757
0	779
0	791
0	808
0	817
0	820
0	826
0	829
0	861
0	869
0	884
0	891
0	908
0	913
0	918
0	925
0	947
0	966
0	976
0	978
0	998
0	1029
0	1038
0	1043
0	1046
0	1049
0	1051
0	1072
0	1078
0	1105
0	1112
0	1155
0	1173
0	1175
0	1177
0	1178
0	1192
0	1240
0	1246
0	1255
0	1267
0	1277
0	1320
0	1338
0	1341
0	1385
0	1401
0	1412
0	1433
0	1435
0	1438
0	1441
0	1456
0	1468
0	1475
0	1519
0	1547
0	1561
0	1575
0	1592
0	1595
0	1630
0	1648
0	1654
0	1669
0	1672
0	1695
0	1746
0	1772
0	1773
0	1791
0	1792
0	1824
0	1849
0	1874
0	1876
0	1891
0	1894
0	1901
0	1909
0	1915
0	1920
0	1927
0	1939
0	1965
0	1970
540	2007
2007	2015
2004	2023
2014	2025
2023	2036
2024	2037
2007	2061
2015	2062
2023	2063
2036	2064
2037	2065
2020	2067
595	2075
2067	2090
2089	2121
2090	2122
595	2139
2102	2141
794	2146
2067	2160
2122	2162
1808	2179
1906	2180
2075	2192
2139	2193
2067	2219
2090	2220
2122	2221
2160	2222
2114	2229
667	2251
145	2261
729	2262
1183	2263
2213	2312
1776	2318
2180	2321
2075	2324
2139	2325
2141	2326
2192	2327
2193	2328
2229	2335
280	2356
2244	2364
2257	2372
145	2375
729	2376
2261	2377
2262	2378
2263	2379
1835	2380
2243	2445
2304	2458
1468	2464
2213	2465
2311	2466
2312	2467
2319	2480
2179	2507
2180	2508
2229	2513
25	2523
280	2524
320	2525
1874	2549
1246	2556
1763	2559
667	2603
2430	2605
747	2615
1454	2616
2280	2620
1547	2635
2304	2639
2458	2641
1225	2651
1468	2659
2464	2660
2465	2661
2466	2662
2467	2663
1835	2672
2380	2673
2179	2688
2180	2689
2321	2690
2507	2691
2508	2692
2229	2704
2335	2705
2514	2707
2472	2714
2479	2717
2480	2718
280	2723
2356	2724
2523	2725
2524	2726
2525	2727
455	2739
602	2740
704	2741
908	2742
1772	2758
642	2775
751	2776
646	2794
384	2798
1957	2799
2603	2817
2604	2818
2605	2819
2616	2830
2620	2835
976	2846
1547	2847
2635	2849
990	2850
1071	2862
1835	2903
2380	2904
2672	2905
1839	2907
1874	2908
1942	2909
2146	2915
2229	2923
2335	2924
2513	2925
2704	2926
2705	2927
2318	2946
2445	2960
404	2968
101	2984
109	2988
315	2989
918	2990
1676	3006
330	3036
2792	3043
384	3048
2798	3049
408	3058
1047	3059
602	3068
908	3069
2739	3070
2740	3071
2742	3072
751	3081
2776	3083
749	3100
1772	3101
2758	3103
976	3114
1547	3115
2846	3116
2847	3117
2850	3118
1546	3127
1071	3129
2862	3130
1267	3131
1402	3159
2616	3166
2380	3182
2672	3183
2673	3184
2903	3185
2904	3186
2905	3187
1874	3188
2549	3189
2907	3190
2908	3191
2909	3192
2146	3199
2641	3201
2915	3202
2251	3214
2603	3215
2818	3216
2819	3217
2318	3228
2480	3229
2717	3230
2718	3231
2946	3232
2960	3258
234	3305
2748	3309
2984	3310
315	3311
918	3312
2988	3313
2989	3314
2990	3315
1555	3328
152	3330
3002	3332
3003	3333
558	3363
384	3379
2798	3380
2799	3381
3048	3382
3049	3383
642	3411
751	3412
2775	3413
2776	3414
2995	3418
1078	3421
1418	3422
1438	3423
815	3430
2741	3432
1046	3441
3056	3442
749	3443
1772	3444
3100	3445
3101	3446
998	3456
1546	3461
3126	3462
3127	3463
2862	3466
3129	3467
3130	3468
1668	3482
3131	3487
3160	3503
3161	3504
1676	3516
2146	3530
2458	3531
2639	3532
2641	3533
2915	3534
3199	3535
3202	3536
3234	3543
2364	3557
2628	3558
2841	3559
3210	3560
2960	3576
3263	3580
2615	3596
2828	3598
3105	3604
2850	3620
2900	3631
1	3638
496	3639
955	3643
1886	3644
73	3649
884	3650
247	3667
331	3668
891	3670
2748	3676
2984	3677
3310	3678
3330	3683
3333	3684
1255	3696
716	3712
1436	3713
336	3727
1584	3728
1673	3729
3365	3730
1311	3734
569	3748
1155	3760
3364	3773
779	3778
1695	3779
703	3788
704	3789
2741	3790
742	3798
1046	3799
3442	3801
998	3821
1922	3824
3059	3828
1078	3831
1438	3832
3421	3833
3422	3834
3423	3835
2651	3841
1267	3845
3131	3846
3461	3876
3462	3877
3463	3878
3006	3883
3516	3884
2364	3909
3557	3910
3558	3911
3559	3912
3560	3913
2445	3923
3258	3925
3586	3935
3589	3938
2615	3945
2616	3946
3166	3947
3596	3948
2620	3949
3602	3951
3223	3960
3540	3961
2850	3972
3118	3973
3620	3974
2862	3976
3129	3977
3130	3978
3466	3979
3467	3980
3468	3981
3159	3988
3501	3989
3504	3990
3631	3994
2951	4003
2968	4005
1	4034
496	4035
826	4036
3638	4037
3639	4038
234	4075
1672	4083
3713	4084
336	4098
3727	4099
3728	4100
3729	4101
3730	4102
346	4103
1311	4104
3736	4106
350	4107
1255	4109
1984	4127
1687	4133
506	4148
1155	4149
558	4152
3771	4154
779	4156
3779	4158
1780	4172
3430	4175
3788	4176
704	4177
2741	4178
3432	4179
3789	4180
3790	4181
3796	4184
742	4186
1046	4187
3441	4188
3442	4189
3798	4190
3799	4191
998	4216
3456	4217
3822	4219
1267	4235
3131	4236
3487	4237
3845	4238
3846	4239
1855	4272
3775	4275
3036	4279
3824	4281
2372	4286
2401	4290
2445	4294
2960	4295
3258	4296
3576	4297
3923	4298
3581	4299
3928	4300
2620	4309
2835	4310
2651	4312
3147	4313
3482	4314
3959	4319
3960	4320
3961	4321
2984	4324
3309	4325
3310	4326
3676	4327
3677	4328
3678	4329
2794	4334
2850	4338
3118	4339
3620	4340
3972	4341
3973	4342
3974	4343
3629	4355
3543	4359
4003	4360
2968	4364
3330	4370
3332	4371
3333	4372
3683	4373
3684	4374
3516	4378
3884	4380
3938	4392
3127	4407
3461	4408
3462	4409
3463	4410
3876	4411
3877	4412
3878	4413
3159	4417
3504	4418
3988	4419
3989	4420
3990	4421
3927	4441
3586	4478
3935	4479
3590	4480
1799	4505
970	4507
837	4517
112	4519
500	4520
600	4521
1049	4522
1412	4523
1519	4524
1965	4525
234	4535
3305	4536
4075	4537
3734	4550
4103	4551
376	4554
419	4565
3748	4566
4126	4567
4127	4568
506	4573
1155	4574
3760	4575
4148	4576
4149	4577
558	4581
3363	4582
779	4585
1695	4586
3778	4587
3779	4588
612	4589
1435	4590
1446	4591
3426	4599
4172	4601
3788	4603
4176	4604
3643	4609
3644	4610
4192	4611
998	4628
3456	4629
3821	4630
4216	4631
4217	4632
1392	4651
1672	4670
3712	4671
3713	4672
4083	4673
4084	4674
1791	4680
3775	4681
4274	4682
4275	4683
4146	4687
1817	4689
4064	4690
1855	4691
3036	4694
3824	4695
4286	4705
2401	4706
2620	4711
2835	4712
3604	4713
3949	4714
3951	4715
4309	4716
4310	4717
2651	4718
3482	4719
3841	4720
4312	4721
4313	4722
4314	4723
2714	4727
3961	4728
4320	4729
4321	4730
4334	4733
3629	4740
2968	4749
4005	4750
3006	4755
3516	4756
3883	4757
3884	4758
3043	4763
3589	4764
3938	4765
4390	4766
3058	4769
3059	4770
3828	4771
4445	4797
4456	4807
3418	4827
4368	4828
4369	4829
3543	4857
4003	4858
4359	4859
4360	4860
4299	4869
4478	4874
4479	4875
3939	4876
4481	4878
4166	4892
3757	4897
3796	4900
4184	4902
4507	4950
4057	4956
978	4958
1799	4962
1997	4969
3305	4996
4075	4997
4535	4998
4536	4999
4537	5000
362	5016
376	5020
4558	5025
419	5035
3748	5036
4565	5037
4566	5038
4567	5039
4568	5040
3363	5051
3773	5052
4152	5053
4154	5054
4581	5055
4582	5056
1656	5059
612	5062
1435	5063
4589	5064
4590	5065
4591	5066
3643	5076
3644	5077
4608	5078
4610	5080
4611	5081
861	5090
1745	5092
1178	5106
1451	5107
1648	5108
1791	5136
4680	5137
4681	5138
4682	5139
4683	5140
4688	5144
4689	5147
4690	5148
4272	5150
3036	5157
3824	5158
4279	5159
4281	5160
4695	5161
2372	5165
4286	5166
4705	5167
4292	5169
4706	5170
4334	5173
2968	5180
4005	5181
4364	5182
4749	5183
4750	5184
3043	5193
3938	5194
4763	5195
4764	5196
4765	5197
4766	5198
3058	5201
3059	5202
3828	5203
4769	5204
4770	5205
4771	5206
4801	5230
3328	5233
4455	5234
4828	5245
4171	5247
4172	5248
4598	5249
4599	5250
3430	5251
3788	5252
4175	5253
4176	5254
4604	5255
3479	5262
4774	5264
4734	5271
3543	5281
4003	5282
4359	5283
4360	5284
4857	5285
4858	5286
4859	5287
4860	5288
3580	5292
4299	5294
4300	5295
4868	5296
4886	5301
4891	5309
4103	5318
4104	5319
4106	5320
4551	5321
4143	5323
4897	5324
3935	5347
4478	5348
4875	5350
4480	5352
4948	5412
110	5417
1799	5418
4963	5419
128	5420
1173	5421
5002	5442
4926	5450
4969	5461
362	5463
493	5464
5016	5465
376	5467
4119	5468
4554	5469
388	5471
5024	5472
5057	5502
4959	5514
861	5520
5090	5521
5098	5531
1178	5543
1648	5544
5106	5545
5107	5546
5108	5547
4690	5576
5147	5577
5148	5578
2372	5587
4286	5588
5165	5589
5166	5590
5167	5591
2794	5592
4334	5593
5173	5595
4444	5608
4807	5620
5233	5621
3418	5627
4827	5628
4828	5629
4829	5630
5245	5631
3479	5634
5262	5635
5263	5636
5264	5637
3580	5646
5292	5647
5293	5648
4355	5651
4740	5652
4742	5653
3631	5655
3994	5656
5299	5657
4891	5660
3757	5669
4897	5670
5324	5671
4184	5675
4900	5676
4902	5677
4832	5691
4441	5696
4789	5697
3935	5698
4478	5699
4479	5700
4874	5701
4875	5702
5347	5703
5348	5704
4480	5705
4876	5706
5353	5708
4540	5731
4147	5739
4688	5740
4617	5748
5384	5751
4734	5760
5272	5761
5389	5765
4272	5767
4691	5768
5151	5770
5393	5772
4292	5774
5170	5776
4299	5777
4300	5778
5294	5779
5295	5780
5296	5781
110	5840
4505	5841
4962	5842
5417	5843
5418	5844
5419	5845
128	5846
5420	5848
4935	5862
4936	5863
5442	5877
4969	5884
493	5886
5016	5887
5463	5888
5464	5889
5465	5890
4554	5893
5020	5894
5467	5895
5468	5896
5469	5897
5024	5898
5025	5899
5471	5900
5472	5901
5477	5903
5430	5907
5042	5912
5505	5929
861	5940
5090	5941
5092	5942
5520	5943
5521	5944
1824	5976
5503	5977
4992	5981
2794	5987
4334	5988
4733	5989
5592	5990
5593	5991
3328	6010
4807	6011
5233	6012
5234	6013
5621	6014
4172	6018
4601	6019
5248	6020
5249	6021
5250	6022
5262	6023
5634	6024
5635	6025
5636	6026
5637	6027
3580	6030
5292	6031
5646	6032
5647	6033
5648	6034
3631	6035
3994	6036
5655	6037
5656	6038
5657	6039
3701	6041
5661	6042
4897	6045
5323	6046
5324	6047
5669	6048
5670	6049
5671	6050
5689	6057
4147	6080
4687	6081
5740	6083
4184	6087
4900	6088
4902	6089
5675	6090
5676	6091
5677	6092
5271	6103
4272	6108
4691	6109
5150	6110
5767	6111
5768	6112
4290	6113
4706	6114
5169	6115
5170	6116
4355	6126
4740	6127
5651	6128
5652	6129
5653	6130
5695	6135
5696	6136
4480	6145
4876	6146
4878	6147
5352	6148
5705	6149
5706	6150
5412	6155
4956	6156
5162	6158
4651	6173
4685	6181
5811	6182
4689	6183
4690	6184
5148	6185
5577	6186
5578	6187
5715	6207
4856	6209
98	6249
1376	6251
1891	6254
128	6255
1173	6256
5420	6257
5421	6258
5846	6259
184	6274
4935	6275
5407	6276
191	6278
243	6293
5001	6294
5875	6295
247	6296
891	6297
1338	6298
3667	6299
3668	6300
3670	6301
526	6303
665	6304
338	6305
4969	6306
5461	6308
1255	6309
4107	6310
854	6331
709	6334
4611	6338
5075	6339
5078	6340
1039	6343
1767	6349
1824	6369
5059	6370
5502	6371
5976	6372
5977	6373
5209	6378
5997	6381
3643	6396
3644	6397
4609	6398
4610	6399
5076	6400
5077	6401
4892	6404
5309	6405
5660	6406
6041	6407
6042	6408
4063	6414
5722	6415
5663	6419
5483	6422
4687	6424
5144	6425
5739	6426
5740	6427
6080	6428
6081	6429
6085	6432
5697	6437
4507	6439
5412	6440
6155	6441
5474	6449
4578	6451
5748	6454
4639	6463
6098	6469
6173	6472
5760	6482
5761	6483
4797	6486
5221	6487
5608	6488
4882	6501
4918	6506
5978	6514
4956	6521
6156	6522
5471	6529
5472	6530
5898	6531
5899	6532
5900	6533
5901	6534
5074	6541
5218	6551
6190	6570
5765	6573
6124	6578
5496	6586
5817	6621
1897	6625
44	6627
55	6628
1051	6629
1177	6630
1240	6631
1456	6632
1876	6633
210	6635
80	6638
649	6639
817	6640
1595	6641
1654	6642
98	6643
791	6644
1891	6645
6249	6646
6254	6647
184	6658
5862	6659
5863	6660
6274	6661
6275	6662
6276	6663
243	6669
5442	6670
6293	6671
6294	6672
6295	6673
526	6674
338	6682
4969	6683
5884	6684
6305	6685
6306	6686
665	6699
710	6704
1246	6705
2559	6706
6332	6710
904	6713
925	6715
1179	6717
1224	6718
1927	6719
1204	6721
6344	6723
1255	6727
3696	6728
4107	6729
4109	6730
6309	6731
6310	6732
1384	6734
6253	6740
1836	6744
5185	6747
5230	6749
6402	6752
6412	6757
4133	6763
5044	6764
5917	6767
4168	6770
6060	6771
4441	6773
5696	6774
5697	6775
6135	6776
6136	6777
4507	6778
4950	6779
5412	6780
6439	6781
6440	6782
6441	6783
4578	6786
6451	6787
4611	6788
5078	6789
5081	6790
6338	6791
6339	6792
6340	6793
6173	6800
6181	6802
6476	6804
4797	6805
5608	6806
6486	6807
6487	6808
6488	6809
6507	6821
6513	6824
6514	6825
6156	6827
6522	6829
5881	6835
5029	6837
5903	6838
6448	6839
6449	6840
6101	6850
5190	6857
5209	6859
5214	6862
6017	6871
5271	6875
5760	6876
5761	6877
6103	6878
6483	6879
6057	6888
5907	6905
6288	6909
5495	6916
6358	6924
6458	6927
5536	6928
5967	6933
6069	6950
6615	6960
5807	6964
6161	6965
6324	6975
6222	6991
6655	7009
587	7011
6264	7013
6674	7021
583	7025
1355	7026
6304	7028
6699	7029
6679	7032
710	7033
1246	7034
2556	7035
2559	7036
6704	7037
6705	7038
6706	7039
6707	7040
777	7041
6691	7042
1541	7046
6722	7052
6734	7057
6395	7065
4133	7067
5912	7068
6422	7069
6763	7070
6764	7071
4168	7074
6786	7079
4651	7081
6173	7082
6472	7083
6181	7084
6182	7085
6489	7087
6814	7090
4956	7091
6156	7092
6521	7093
6522	7094
6525	7096
6444	7099
5903	7102
6837	7103
6838	7104
6839	7105
6840	7106
6385	7110
6747	7111
6378	7113
6381	7118
6388	7121
5247	7126
6885	7131
5765	7133
6578	7136
5409	7138
5907	7140
6909	7143
5450	7144
6514	7146
6825	7147
5489	7150
5495	7151
6916	7153
6847	7156
6918	7158
6919	7159
6457	7160
6924	7164
5536	7169
6929	7172
5554	7173
6470	7175
6882	7180
5645	7181
5682	7185
6941	7187
5691	7188
6057	7189
6888	7191
5711	7192
6558	7193
6414	7194
5731	7197
5748	7200
5751	7201
6434	7203
6960	7205
6961	7206
6158	7208
6964	7212
6323	7221
6980	7231
6772	7240
6986	7246
6858	7247
6209	7249
6507	7252
6222	7255
6279	7260
6332	7264
6709	7265
6360	7269
6966	7274
6945	7277
6987	7278
6501	7280
6815	7281
6848	7283
6963	7290
6621	7291
1192	7294
36	7296
50	7299
3651	7300
6637	7302
73	7303
884	7304
1433	7305
3649	7306
3650	7307
159	7308
294	7309
1072	7310
1630	7311
1920	7312
136	7314
468	7316
549	7317
141	7319
7006	7321
1915	7323
7012	7324
7015	7327
1929	7328
431	7329
5910	7330
6698	7331
7026	7333
6997	7336
6699	7338
7041	7341
7042	7342
4517	7344
7044	7346
829	7347
4958	7350
6343	7351
7052	7353
1131	7354
7030	7355
1288	7356
7057	7357
1360	7358
7059	7360
1901	7361
7065	7363
6432	7364
7074	7366
6786	7369
6787	7370
7079	7371
4651	7372
6173	7373
6472	7374
6800	7375
7081	7376
7082	7377
7083	7378
7086	7380
7087	7381
6844	7382
7108	7383
6381	7384
6862	7385
6749	7388
6555	7390
7127	7392
5330	7393
6097	7394
6566	7395
6573	7397
7133	7398
7138	7399
5450	7400
6824	7401
6825	7402
7144	7403
7147	7404
7150	7406
6586	7408
7151	7410
5531	7411
6928	7413
7169	7414
7170	7415
6850	7417
7173	7418
7177	7420
5645	7421
7181	7422
7185	7424
5691	7425
6057	7426
7188	7427
7189	7428
7192	7429
5731	7431
7197	7432
5748	7433
5751	7434
6454	7435
7200	7436
7201	7437
6158	7440
6964	7442
7210	7444
7215	7445
5874	7446
6835	7447
6836	7448
7140	7450
7141	7451
6767	7452
5929	7453
5967	7454
6933	7455
6833	7458
6551	7459
6385	7461
7111	7463
6391	7464
7124	7465
6950	7466
6181	7468
6182	7469
6802	7470
6804	7471
7084	7472
7085	7473
6207	7474
7249	7477
6517	7478
6991	7479
6241	7481
6272	7483
6655	7484
7009	7485
6278	7486
6674	7489
6675	7490
7021	7491
6695	7493
6975	7495
6331	7497
7266	7499
6349	7501
6356	7503
7269	7505
6378	7506
7113	7508
7066	7511
6415	7514
7203	7516
7160	7517
7241	7519
6463	7520
7276	7523
7090	7524
7280	7526
6820	7529
6821	7530
7154	7533
6541	7534
7123	7536
6570	7537
7135	7538
6897	7540
7136	7541
6581	7543
7159	7544
7242	7545
6617	7546
6621	7547
7291	7548
6622	7549
7019	7550
6702	7553
7040	7555
7062	7557
6771	7558
6785	7559
7112	7563
7247	7564
6909	7565
6927	7568
7176	7570
7284	7572
6978	7575
7246	7579
36	7581
7296	7582
39	7583
50	7584
7299	7585
7300	7586
468	7587
549	7588
7314	7589
7317	7590
7319	7591
151	7592
262	7593
250	7594
1909	7595
1915	7596
7329	7597
7330	7598
820	7599
4517	7600
829	7601
7347	7602
1112	7603
1927	7604
6713	7605
6719	7606
913	7607
925	7608
6715	7609
6717	7610
6718	7611
978	7612
4958	7613
5514	7614
1192	7615
7354	7616
6734	7617
7356	7618
7357	7619
7358	7620
1901	7621
7361	7622
7328	7623
1939	7624
5230	7625
6749	7626
7121	7627
5247	7628
7126	7629
7393	7630
7394	7631
7395	7632
6586	7633
6916	7634
7151	7635
7153	7636
5531	7637
7411	7638
7181	7639
7421	7640
7422	7641
5731	7642
7197	7643
7431	7644
7432	7645
5765	7646
6573	7647
7133	7648
7398	7649
5772	7650
6960	7651
7205	7652
6158	7653
7208	7654
6964	7655
6965	7656
7446	7657
5907	7658
6905	7659
7140	7660
7451	7661
5929	7662
7453	7663
6928	7664
7169	7665
7414	7666
7415	7667
6933	7668
7454	7669
7455	7670
5981	7671
6207	7672
7474	7673
6209	7674
7249	7675
7481	7676
7483	7677
7484	7678
7485	7679
6278	7680
7260	7681
7486	7682
6303	7683
6674	7684
7021	7685
7490	7686
7491	7687
6304	7688
6699	7689
7028	7690
7029	7691
6767	7692
7452	7693
6975	7694
7221	7695
6331	7696
6710	7697
7264	7698
7265	7699
7497	7700
6334	7701
6343	7702
6721	7703
6723	7704
7351	7705
6349	7706
7501	7707
7503	7708
7269	7709
6378	7710
6859	7711
7113	7712
7506	7713
6381	7714
6862	7715
7118	7716
7384	7717
7385	7718
6747	7719
7110	7720
7111	7721
7461	7722
6871	7723
7464	7724
7465	7725
6414	7726
6415	7727
7194	7728
6419	7729
6432	7730
6770	7731
7074	7732
7364	7733
6835	7734
7099	7735
7447	7736
7448	7737
6451	7738
6786	7739
6787	7740
7370	7741
7371	7742
6463	7743
7520	7744
6469	7745
6850	7746
7173	7747
7175	7748
7418	7749
6501	7750
7280	7751
7281	7752
6506	7753
7252	7754
7530	7755
6991	7756
7255	7757
7478	7758
7479	7759
6541	7760
7283	7761
7534	7762
6551	7763
7459	7764
6570	7765
7537	7766
6578	7767
7136	7768
7541	7769
7543	7770
7290	7771
7546	7772
6621	7773
7291	7774
7547	7775
7548	7776
7549	7777
6625	7778
7550	7779
6635	7780
7032	7781
7041	7782
7042	7783
7342	7784
7025	7785
7026	7786
7331	7787
7553	7788
7040	7789
6740	7790
6744	7791
6752	7792
6757	7793
6771	7794
7240	7795
7558	7796
7559	7797
7381	7798
7524	7799
7382	7800
7383	7801
6857	7802
7180	7803
6909	7804
7143	7805
7565	7806
7158	7807
7159	7808
7544	7809
6924	7810
6927	7811
7568	7812
7185	7813
7187	7814
7424	7815
6950	7816
7466	7817
7545	7818
7575	7819
7231	7820
7011	7821
7324	7822
7327	7823
7355	7824
7096	7825
7536	7826
7538	7827
7138	7828
7399	7829
7150	7830
7406	7831
7160	7832
7517	7833
7570	7834
7192	7835
7193	7836
7429	7837
7203	7838
7516	7839
7206	7840
7445	7841
7246	7842
7579	7843
7247	7844
7564	7845
7274	7846
7277	7847
7278	7848
